DATASET_BINARY
SEPARATOR TAB
DATASET_LABEL	Presencia por especie (agregado por genero)
COLOR	#000000
FIELD_SHAPES	2	2	2	2	2	2	2	2	2	2	2	2	2	2	2
FIELD_LABELS	Alouatta caraya	Alouatta palliata	Alouatta seniculus	Ateles belzebuth	Cercopithecus ascanius	Colobus guereza	Eulemur rubriventer	Gorilla gorilla	Lemur catta	Pan troglodytes	Papio anubis	Papio hamadryas	Piliocolobus badius	Propithecus verreauxi	Theropithecus gelada
FIELD_COLORS	#2476b3	#adc6e7	#ff7e10	#ffba77	#319e30	#97de89	#d52c2b	#ff9794	#9267bc	#c4afd4	#8b574c	#c39b93	#e277c1	#f7b5d1	#7e7e7e
LEGEND_TITLE	Especie de primate
LEGEND_SHAPES	2	2	2	2	2	2	2	2	2	2	2	2	2	2	2
LEGEND_COLORS	#2476b3	#adc6e7	#ff7e10	#ffba77	#319e30	#97de89	#d52c2b	#ff9794	#9267bc	#c4afd4	#8b574c	#c39b93	#e277c1	#f7b5d1	#7e7e7e
LEGEND_LABELS	Alouatta caraya	Alouatta palliata	Alouatta seniculus	Ateles belzebuth	Cercopithecus ascanius	Colobus guereza	Eulemur rubriventer	Gorilla gorilla	Lemur catta	Pan troglodytes	Papio anubis	Papio hamadryas	Piliocolobus badius	Propithecus verreauxi	Theropithecus gelada
MARGIN	5
HEIGHT_FACTOR	1
SYMBOL_SPACING	10
DATA
f13cc60e608d54599659f721d584c2fb	1	1	1	1	1	1	1	1	1	1	1	1	1	1	1
05ec0169562f77638667ef95cbe288b8	1	1	1	1	1	1	1	1	1	1	1	1	1	1	1
bd517e8148bac1e3c47b9e9c41dc516c	1	1	1	1	1	1	1	1	1	1	1	1	1	1	1
a0cc739014948a1ae4443a14f7e12acd	1	1	1	1	1	1	1	1	1	1	1	1	1	1	1
42bcc12ad42a0aab47959a2b4f52fe74	1	1	1	1	1	1	1	1	1	1	1	1	1	-1	1
d6429a0b1c1939f2093ef2bd21883a4d	1	1	1	-1	-1	-1	1	1	1	1	1	1	1	-1	1
202d02e41ebc9e37909510c3bf6b7047	1	1	-1	-1	1	1	1	1	1	1	1	1	1	1	1
b10627ff6db16c65eed2f21380dd700f	1	1	1	1	1	1	1	1	1	1	1	1	1	-1	1
ca43af98869e5c96dd9cfbf1b008588b	1	-1	1	-1	1	1	-1	1	-1	1	1	1	1	1	1
60257e0c9332434ca456c7f9b50eee75	1	1	1	1	1	1	1	1	1	1	1	1	-1	1	1
1f847ab2921330316b6683a76bf50dad	1	1	1	1	1	1	-1	1	-1	1	1	1	1	-1	1
06308d44b87d67a709f6ff69aa6cfbc1	1	1	1	1	1	1	1	1	1	1	1	1	1	-1	1
3eaea6032cd88394cba0e99c2836e64e	1	1	-1	-1	1	1	-1	1	1	1	1	1	1	-1	1
25d4eb76e127fc3e20545792889934b7	-1	-1	-1	-1	-1	1	1	-1	1	-1	-1	-1	1	1	-1
765a7457223d0e7923a7d85d9a6bc3fd	1	1	1	-1	1	1	1	-1	1	1	1	1	1	-1	1
7fd554b8d9f20a3774bcc3dde012cea4	1	1	1	1	1	1	1	1	1	1	1	1	1	-1	1
2325a29684f17180b653df48f773c725	1	1	1	1	1	1	-1	1	1	1	1	1	1	-1	-1
911cb1c362da80d17bf135fd8a43d962	1	1	1	1	-1	1	1	1	1	-1	-1	-1	1	1	-1
e42c867bb7ae1168752d74e649d282c2	1	1	1	-1	1	1	-1	1	-1	1	1	1	-1	-1	1
050b10290534396fb4021d77e3ffd499	1	1	1	-1	1	-1	-1	1	1	1	1	1	-1	-1	1
b5f464512281322518b5f6ff1fbfbfdc	1	1	1	1	1	1	-1	1	-1	1	1	1	-1	-1	-1
59196a586276f0be745d0e334fc071c6	1	1	1	1	1	-1	-1	1	-1	1	1	1	-1	-1	1
836cf660b00da3b2043b9f3ef145d87f	-1	-1	-1	-1	1	-1	1	1	1	1	1	1	-1	-1	1
1cfc3e962d8cc23a987d8f6e5376274d	1	1	1	-1	1	1	-1	1	-1	1	1	1	1	-1	1
8389fbe059e147baac4fd2e08269b13f	-1	-1	1	-1	1	1	1	1	-1	1	1	1	1	-1	1
257f582bba0259e52354f6f3fdd65758	1	1	1	-1	1	-1	-1	1	-1	1	1	1	-1	1	1
2a2cb761074aaac6fc46cef8109896c3	-1	-1	-1	-1	1	1	-1	1	-1	1	1	1	1	-1	1
4fd8cc7d88b18b9c39ef11ea50a1cb24	1	1	1	1	1	-1	-1	1	1	1	1	1	1	-1	-1
01628f402fc6caf6b574c2cbf0a7412a	1	1	1	1	1	1	1	-1	1	1	-1	-1	-1	1	1
bdbf4a7fe8de971c31199740d3709d99	1	-1	-1	1	-1	-1	1	1	1	1	1	1	-1	1	-1
f45b62ab6ec22fb20364a7e05088158f	1	1	1	1	1	-1	-1	-1	-1	1	1	1	-1	-1	1
e3262eb61a871d3230682c2be20e20a1	1	1	1	-1	1	1	-1	1	-1	1	1	1	1	1	1
ea3af29626a95b6c7b89d631bf1a739c	-1	1	1	1	1	1	-1	1	-1	1	1	1	-1	-1	1
f3c46767b5ee373204436a6c19151348	1	-1	-1	-1	1	1	1	1	1	1	1	1	-1	1	1
e3384ca173358208713bbc11316a380f	-1	-1	1	-1	1	1	-1	1	-1	1	1	1	1	-1	-1
d5cf3cfa66a9f601b4eef7b1772699b7	1	-1	1	1	1	-1	1	1	-1	1	1	1	-1	-1	1
571a9c17ce529f1df2622f6bcfba5efd	-1	1	1	-1	1	1	-1	1	-1	1	1	1	-1	-1	-1
b550f122603aef8631a24d3f960c89ca	-1	-1	-1	-1	-1	-1	1	1	1	-1	1	1	-1	-1	1
8720f9ecd2331ce68e2896df1bf2d977	-1	-1	1	-1	1	1	1	1	-1	1	1	1	-1	1	-1
378d7f0d1da29b1e838c56ec3be441de	-1	-1	-1	-1	1	1	1	-1	1	1	-1	1	1	-1	1
38c997ad2c3a7436d0ecbe4d7ce94364	-1	-1	-1	-1	1	1	-1	1	-1	1	1	1	-1	-1	1
117f89aaec1283021c3680ccc5c5b5d3	1	1	1	1	1	1	-1	1	-1	1	1	1	1	1	1
d0c4d1c8819dad84a39666ed53d5edad	1	-1	1	1	1	1	1	1	-1	1	-1	-1	-1	-1	-1
5d87bf66e1bf780c1a4d38e3ef0314f8	1	-1	-1	-1	1	1	-1	1	-1	1	-1	-1	1	-1	1
2a99b23ac5ab782d55085a57de9ae4e3	1	1	1	-1	1	1	-1	1	-1	1	1	1	1	-1	1
e72acf8e3939d07722ef4f6f930a0a10	1	1	-1	-1	-1	1	1	-1	1	1	-1	-1	-1	-1	-1
48f9a54af823aedd7a92b149b8d160b7	-1	-1	-1	-1	-1	-1	1	1	-1	1	1	1	-1	-1	-1
f44e80fa35da44bb8bfc6288d73b7f34	1	1	1	-1	1	1	-1	-1	-1	1	1	1	1	-1	-1
999a1f43f7dccbb4fc89609fd2e4f9ee	1	1	1	1	1	1	1	-1	-1	-1	1	-1	1	-1	-1
7360157a832d9a7f6a23bfe0366ac3cd	1	1	1	-1	1	-1	-1	-1	-1	1	1	1	-1	-1	1
ae5d65b08b9cce92ba95d0e0db93cf2a	-1	-1	-1	-1	1	1	-1	1	1	-1	1	1	1	-1	1
76fb2ac4cb9119f054ccce964313528e	-1	-1	-1	-1	1	-1	1	1	-1	1	1	-1	-1	-1	-1
c942f59feffce9c3ab527135de234101	1	1	1	1	1	1	1	1	1	1	1	1	-1	1	1
dffe442574c400ed8a7c0da8de0318fc	-1	-1	-1	-1	1	-1	-1	1	-1	1	-1	-1	-1	-1	-1
52e90fa42a58e781d79808a8491a0167	-1	-1	-1	-1	-1	-1	-1	1	1	1	1	1	-1	-1	-1
ff154a3816c2aa4100a7d80c7559d611	1	1	1	-1	-1	1	-1	1	-1	-1	-1	-1	-1	-1	-1
245bed51e87c97dabedbb244cd82335e	1	1	1	1	1	-1	-1	1	-1	1	1	-1	-1	-1	-1
8183f1e3f9806994e125b1d5c6932498	-1	-1	1	1	1	-1	-1	1	-1	1	1	1	-1	-1	-1
c85419a2e4fbd9032eb709cf0a93a5b3	-1	-1	-1	-1	-1	-1	1	-1	-1	-1	-1	-1	-1	-1	-1
56b93078c44793877baeeca41b639fc7	-1	-1	-1	-1	-1	-1	1	1	1	1	1	1	-1	-1	-1
b01b99df453856c314fdeefd125f9850	1	1	1	-1	1	-1	-1	1	-1	1	1	1	-1	-1	1
482cf4e95e7f5e1beec0a433a490a678	-1	-1	-1	-1	1	1	-1	-1	1	-1	1	-1	1	-1	-1
348aca0dca9ddedc98eccb9f2aa496e3	-1	-1	-1	-1	-1	-1	-1	1	-1	1	-1	-1	-1	-1	-1
149e7d5e484d157f2ac6140a2111618e	1	1	1	1	1	-1	-1	1	1	1	1	1	-1	-1	-1
fe80c0245977bd8a413ece64a788a22b	-1	-1	-1	-1	1	-1	-1	1	1	1	1	1	-1	1	-1
d334f11c69e464c3e16467ff8b75d145	-1	-1	-1	-1	1	-1	-1	-1	-1	-1	1	1	-1	-1	-1
d133f867be8a97500a73558476fcb050	-1	-1	-1	-1	1	-1	-1	1	1	-1	1	1	-1	-1	1
bfcf5646be6b0a74c2f619b2f8b30c3c	-1	-1	-1	-1	-1	1	-1	1	-1	1	-1	1	-1	-1	1
1230fa8bad7320889aee41837c688297	1	1	1	-1	-1	1	-1	-1	1	-1	-1	-1	1	-1	-1
3b00ebf38bf63dbdbafd0c7a970ed67a	-1	-1	-1	-1	-1	-1	1	1	1	-1	1	1	-1	-1	-1
e150765b9a4a483c7ec513bc6284d251	-1	-1	-1	1	1	1	-1	1	-1	1	1	1	-1	-1	-1
907662192ac87558b3e3242dfdd3ebb4	1	1	1	-1	-1	-1	-1	-1	-1	-1	-1	-1	-1	1	-1
4c2189b6b5ced3cb80093414e9449de9	-1	-1	1	-1	1	-1	-1	1	-1	1	1	1	-1	-1	1
0dc8efd8023c618c0bc71383be9fe9bc	-1	-1	-1	-1	1	1	-1	1	-1	1	1	-1	-1	-1	-1
abe0b6466dd1e1af5818c757cca890b7	-1	-1	-1	-1	1	-1	-1	-1	-1	-1	1	1	-1	-1	1
18d83e888815be3308c273a62973a73e	-1	-1	-1	-1	1	-1	-1	1	-1	1	1	1	-1	-1	1
48a3137cf777247decf83bfca309f489	-1	1	-1	-1	-1	1	-1	1	-1	-1	-1	-1	1	-1	-1
456e2914d5e14abc86af7eac0387c143	1	1	1	-1	-1	1	-1	1	1	1	-1	-1	1	-1	-1
e9ed2542e64758c0e9e5c6ae48ed9ca6	-1	-1	-1	-1	-1	1	-1	1	-1	-1	1	-1	1	-1	-1
7b3acc8e3dcbc5afcfaa0a58b956aebb	-1	-1	-1	-1	-1	-1	-1	1	-1	1	-1	1	-1	-1	-1
481099adc810d0454a74a502a58df07d	-1	-1	1	-1	1	1	-1	1	-1	-1	1	1	-1	-1	-1
2b982979f2401a8bc447d7141879e9b2	-1	-1	1	-1	1	1	-1	1	1	1	1	1	1	-1	-1
3f93ab5f2c91f898d9b95722558d595c	1	1	1	1	1	-1	-1	-1	-1	-1	1	1	-1	-1	1
81f21c89a8b928bd2c2a1807e6016fae	-1	-1	-1	-1	-1	-1	-1	1	-1	1	1	1	-1	-1	-1
4e88bb55d702c2be70d20800ec56aa0f	-1	-1	1	-1	1	-1	-1	-1	-1	-1	1	1	-1	-1	-1
282c7bcc333123cde6d3a5773e352a0c	1	1	1	-1	1	1	-1	1	-1	1	1	1	1	-1	-1
9f4ffeb183606395a469b48c5de051c6	-1	-1	-1	-1	1	-1	-1	1	-1	1	-1	-1	-1	1	-1
c076fef5e5e52ade435c989a9bd40ffd	1	-1	-1	-1	-1	-1	-1	-1	-1	1	1	1	-1	-1	1
9707883a9fa371c84a54460aec8adf2a	-1	-1	-1	-1	1	1	-1	-1	-1	1	1	1	1	-1	-1
8937656c16c20701c107e715bad86732	1	-1	1	-1	1	-1	-1	1	-1	-1	1	1	-1	-1	-1
a433d47699339fe9afef1e7376f3ce65	-1	-1	-1	-1	-1	-1	-1	1	-1	-1	-1	-1	-1	-1	1
e2c3ff4f647112723741aa72087f1bfa	-1	1	1	-1	-1	-1	1	1	1	1	1	1	-1	-1	-1
022eee6e34a7c61f52638c7b10a0c13c	-1	-1	-1	-1	1	1	-1	-1	-1	-1	1	1	-1	-1	1
f1bab5e375a07abb1fc7921a3b2dd2c2	-1	-1	-1	-1	-1	-1	-1	1	-1	1	-1	-1	-1	-1	-1
250329d0cbffc2099d4d24920bd77eff	1	1	1	-1	1	-1	-1	1	-1	1	1	-1	-1	-1	-1
feff55dedcac9203c59fbc595fb651eb	-1	-1	-1	-1	-1	1	-1	-1	-1	-1	-1	-1	1	-1	-1
54c281ab1cf2ce5342cb910e7252db33	1	-1	-1	-1	-1	-1	-1	1	-1	1	-1	-1	-1	-1	-1
3bc20133397339afa19b98b0f346c488	-1	-1	-1	-1	1	-1	-1	-1	-1	-1	1	1	-1	-1	-1
5bc910157a049856e8204e4690fda3b5	-1	-1	1	-1	1	-1	-1	1	-1	-1	1	-1	-1	-1	1
6c7fa77831ae630967a6fbfc8ee47901	-1	-1	1	-1	-1	-1	-1	1	-1	-1	1	-1	1	-1	-1
8533e01a19fc5d624e49fe95dc3dfb34	-1	1	-1	-1	-1	-1	1	-1	1	1	-1	-1	-1	-1	-1
ea6705d0f6df5f089e6c413d6efcac70	1	-1	-1	-1	1	1	-1	-1	-1	-1	1	1	-1	-1	-1
b672789adaaa264799bead3748b3fc7b	-1	-1	-1	-1	-1	1	-1	-1	-1	-1	-1	-1	-1	-1	-1
65824c9ca54e8b78283b362afae16cd8	1	-1	-1	-1	-1	1	-1	-1	-1	-1	-1	-1	-1	-1	-1
3e2db55495d9c26a4bb18cfeb9f2fbc8	-1	-1	-1	-1	-1	1	-1	-1	-1	-1	-1	-1	1	-1	-1
6333c65cd4acba0e93afa131abf66f79	-1	-1	-1	-1	1	-1	1	1	-1	1	1	1	-1	-1	-1
5b4cf900b79a935da04409d27e7103af	-1	-1	-1	-1	-1	-1	-1	1	-1	1	-1	-1	-1	-1	-1
a898ab63b699f5ec89883fcbc8d1c8e6	-1	-1	-1	-1	-1	-1	-1	-1	1	-1	1	1	-1	-1	-1
5957a16f5226fb9bbbc751f1d70e2af4	-1	-1	-1	-1	-1	-1	-1	1	-1	1	-1	-1	-1	-1	1
7201d53bd647437ec3de879774eba498	-1	-1	-1	-1	1	-1	-1	1	1	1	1	1	-1	-1	-1
73b66261af9b918d72450b5fc7cea40f	-1	-1	1	-1	-1	1	1	1	-1	-1	-1	-1	-1	-1	-1
387255c301b8b6c022bfa6682f54596e	-1	1	-1	-1	-1	-1	-1	1	1	-1	-1	-1	-1	-1	-1
1a8ff4a7894d80fe58de5081e9f9ff5b	1	-1	-1	-1	-1	-1	-1	1	-1	1	-1	-1	-1	-1	-1
feb25ce582b38c9266f32d0f725b0364	1	-1	1	-1	1	1	-1	1	-1	-1	1	1	-1	-1	1
3798696dc2f6bc242178ae5a1c66ecb3	-1	-1	-1	-1	-1	-1	-1	1	1	1	-1	-1	-1	-1	-1
e3ac7b9ba1cf5867987b197015b9d657	-1	-1	1	-1	-1	-1	-1	-1	-1	-1	-1	-1	-1	-1	-1
37cb0557ebe16955b6ebd752ab3ee954	-1	-1	-1	-1	-1	1	-1	-1	-1	-1	-1	-1	1	-1	-1
e6a34eb113dba66df0b8bbec907a8f5d	-1	-1	1	-1	-1	-1	-1	1	-1	1	-1	-1	-1	-1	1
361ef5403b473cd04265b8dc41d57af6	-1	-1	-1	-1	-1	1	-1	-1	-1	-1	-1	-1	1	-1	-1
63728ecdd08aaa4171bf7ff1b9894324	-1	-1	-1	-1	-1	-1	-1	-1	1	-1	-1	-1	-1	-1	-1
4ea71e2380629abbd1faf184f7b191dc	-1	-1	-1	1	-1	-1	-1	-1	-1	-1	-1	-1	-1	-1	-1
866f383f9d913ebe8ca21fa6c9a1569d	-1	-1	-1	-1	-1	-1	-1	1	-1	-1	-1	-1	-1	-1	-1
eccb294d748e7d9b68ae3fcee9f717a3	-1	-1	-1	-1	1	-1	-1	-1	-1	1	1	1	-1	-1	1
8fe118e02257f67d7bd68e7e4033f72c	1	1	1	-1	-1	-1	-1	-1	-1	-1	-1	-1	-1	-1	-1
49eaee25c7f6eaa234c87307cec337b5	-1	-1	-1	-1	-1	-1	1	-1	-1	-1	-1	-1	-1	-1	-1
0209f9868a22059c659df474a746d8f4	1	-1	-1	-1	-1	1	-1	-1	-1	-1	-1	-1	-1	-1	-1
30207d209491dfb7de83344e77fd6fbd	-1	-1	1	-1	1	-1	-1	-1	-1	-1	1	1	-1	-1	1
7e54570d21f03dfcefff07151a8c2d54	-1	-1	-1	-1	-1	-1	1	-1	1	1	-1	-1	-1	-1	-1
177a7fdb5299557419c485debfb4e243	-1	-1	-1	-1	1	1	1	-1	-1	-1	-1	-1	-1	-1	-1
467ca8625177c7ec002584601450e2f2	-1	-1	-1	-1	-1	1	-1	-1	-1	-1	-1	-1	-1	-1	-1
e62b0503b08bdcc495c6941a8383caa0	-1	-1	-1	-1	-1	-1	-1	1	-1	-1	-1	-1	-1	-1	-1
fdfa02a204ea4f65998078d291699ea3	-1	-1	-1	-1	-1	-1	1	-1	-1	-1	-1	-1	-1	-1	-1
0b6df6cea1e5db58ce3103b0b14795e0	-1	-1	-1	-1	-1	-1	-1	-1	-1	-1	-1	1	1	-1	1
70d64bb0a16e3e22721779f2a27bfc90	-1	-1	-1	-1	1	-1	-1	1	-1	1	1	1	-1	-1	-1
8d021a40f38f2efbce8dc0283e281b74	-1	-1	-1	-1	-1	-1	-1	-1	-1	-1	-1	-1	-1	-1	1
fbb1d3204eaa53ea805fe2d2df3da399	-1	-1	-1	-1	-1	-1	-1	-1	-1	1	1	-1	-1	-1	-1
cd22a41335b0c9bdb2eb548c4f5764a1	-1	-1	-1	-1	-1	-1	-1	-1	-1	-1	-1	-1	-1	1	-1
dde956cca472aeea6f585345cb2b3f12	-1	-1	-1	-1	-1	-1	1	-1	-1	-1	-1	-1	-1	-1	-1
ea5bdec9af33fa082db549bd726b7fca	-1	-1	-1	-1	-1	1	-1	-1	1	-1	1	1	-1	-1	-1
5e5abb3090fc99ffb198ba07703d50e7	-1	-1	-1	-1	-1	-1	-1	-1	-1	-1	-1	-1	-1	1	-1
decdb65d7fe9d367eb02bceb9a2b9145	-1	-1	-1	-1	1	-1	-1	-1	-1	1	1	1	-1	-1	-1
7b3f3ea0beb9a4f0c7f4b854f046e965	-1	-1	-1	-1	-1	-1	1	-1	-1	-1	-1	-1	-1	-1	-1
f8b5fef9efe1515fa0929e09b442a660	-1	-1	-1	-1	-1	-1	-1	-1	-1	-1	-1	-1	-1	1	-1
178c1c983a1c58a5df9a52519761b74a	-1	1	-1	-1	-1	-1	-1	-1	-1	-1	-1	-1	-1	-1	-1
f8d6808f06593a6e40e07bdb9b1a6174	-1	-1	-1	-1	1	1	-1	-1	1	-1	1	1	-1	-1	1
04195686f2b70585790ec75320de0d6f	1	1	1	-1	1	1	1	1	1	1	1	1	1	1	-1
d061a99148d649c4eca4836c5f4b5b68	-1	-1	1	-1	1	-1	-1	1	1	1	1	1	-1	-1	-1
16a0655d9f2d6d566a02c341b32a9f7d	-1	-1	-1	-1	1	-1	-1	-1	-1	1	1	1	-1	-1	-1
ce31bada1ef54b01a76ed192eb2787fa	-1	-1	-1	-1	-1	-1	-1	-1	-1	-1	-1	-1	-1	-1	1
efbd576c56cb4449556178bf808e8e9e	-1	-1	-1	-1	-1	1	-1	-1	-1	-1	-1	-1	1	-1	-1
997abc833f25b2145ef4d8f8b105a03b	-1	-1	-1	-1	-1	-1	-1	1	-1	1	-1	-1	-1	-1	-1
ab71ee68a503c976b39d9dff15bbf9c6	-1	-1	-1	-1	-1	1	-1	-1	-1	-1	-1	-1	1	-1	-1
728944d66e62fa5c7f29fa69e2313aab	1	-1	-1	-1	-1	-1	-1	-1	-1	-1	-1	-1	-1	1	-1
ea3433f2c148c6fae4cc2e9ae197f5b8	-1	1	-1	-1	-1	1	-1	-1	-1	1	1	1	-1	-1	1
8ef31508d9a2fc6f83935de5607a686c	-1	-1	-1	-1	1	-1	-1	1	-1	1	1	1	-1	-1	1
421ab086e164cbccc8ce9e732a1a2205	-1	1	-1	-1	1	1	-1	-1	-1	1	-1	-1	1	-1	-1
a417d532d31f606feb308c9c1b29cf2d	-1	-1	-1	-1	-1	-1	-1	-1	-1	1	-1	-1	-1	-1	-1
24193508f045e00fa52f7670a81610a6	-1	-1	-1	-1	1	-1	-1	-1	-1	-1	1	1	-1	-1	-1
b9c65ea5179a1bc7371a9d5cf25930d6	-1	-1	-1	-1	-1	1	-1	-1	-1	-1	-1	-1	-1	-1	-1
44d28470e89e17e9058ee3531315f355	-1	-1	-1	-1	-1	-1	-1	-1	-1	-1	-1	-1	-1	-1	1
e21d9f482315985036cf80d1b20de58b	-1	-1	-1	-1	-1	1	-1	-1	-1	-1	-1	-1	-1	-1	-1
59326c7a9e5998501820c54d57a8be85	1	1	1	-1	-1	-1	-1	-1	-1	-1	-1	-1	-1	-1	-1
b3fef1e26b7b6ac20847ede4da68547a	-1	-1	-1	-1	1	-1	-1	-1	-1	-1	1	-1	-1	-1	-1
5739e5fd0f606794190c77add185dbf6	-1	-1	-1	-1	-1	-1	-1	-1	-1	-1	-1	-1	-1	-1	1
e72157ff38bec7ea641729ee6778c251	-1	-1	-1	-1	-1	1	-1	-1	-1	-1	-1	-1	1	-1	-1
31e5e20d2c58cab9ed85564f64088305	-1	-1	-1	-1	-1	-1	1	-1	-1	-1	-1	-1	-1	-1	-1
c0084dceb0e1a96961c654743cdfd32e	-1	-1	-1	-1	-1	-1	1	-1	-1	-1	-1	-1	-1	-1	-1
28dc8ae74e810c46dad78dba3d07a5b7	-1	-1	-1	-1	-1	-1	-1	-1	-1	-1	1	1	-1	-1	-1
b14925d625fdd18f4b7b9803a399edb5	-1	1	1	-1	-1	-1	-1	-1	-1	-1	-1	-1	-1	-1	-1
d90c0d8b3cb572fb281fdcab334481a4	-1	-1	-1	-1	-1	-1	-1	1	-1	-1	-1	-1	-1	-1	-1
df3f8cdac76c62baa98469c33b82d8df	-1	-1	-1	-1	-1	-1	-1	-1	-1	1	-1	-1	-1	-1	-1
1012b6660576ea7ba898c8dec21641f3	-1	-1	-1	-1	-1	1	-1	-1	-1	-1	-1	-1	-1	-1	-1
39bb3fb5b2257fd2eacca408dc42c5d1	-1	-1	1	-1	1	-1	-1	-1	-1	1	1	1	-1	-1	1
b423592b0ae631882095792b27729b9c	-1	-1	-1	-1	1	-1	-1	1	-1	1	1	1	-1	-1	1
70ef4446c97dc95513b2cd5ab241ec8b	-1	-1	-1	-1	-1	-1	-1	1	-1	-1	-1	-1	-1	-1	-1
5f953acd5a0dc97d5f47182ca7ade28a	-1	-1	-1	-1	-1	-1	-1	-1	1	-1	-1	-1	-1	-1	-1
61b91927f0cc1d6783427b7e8c4c1ec0	-1	-1	-1	-1	-1	1	-1	-1	-1	-1	-1	-1	1	-1	-1
f9ff879225247aac41e27d38d8a7dede	1	1	1	-1	-1	-1	-1	-1	-1	-1	-1	-1	-1	-1	-1
f04aeeea3f45cb3e464ddcbe48fcd96c	-1	-1	-1	-1	-1	-1	-1	-1	1	-1	-1	-1	-1	-1	-1
eb25d1d0b195591685cb02e49d0b67aa	-1	-1	-1	-1	1	1	-1	-1	-1	1	1	1	-1	-1	1
69d6829a8ae1d3d13d91475dfe903439	-1	-1	-1	-1	-1	-1	-1	-1	1	-1	-1	-1	-1	-1	-1
44ae5e638b1993837e814931023aedb7	-1	-1	-1	-1	-1	-1	-1	-1	-1	-1	-1	-1	-1	-1	1
ee2e7e1ec3775388a6a1000c5de4c483	1	1	1	1	1	-1	-1	1	1	1	-1	1	-1	-1	-1
0a3a5e83b0623a6e267aba809ad1c117	-1	-1	-1	-1	-1	-1	-1	1	-1	1	-1	-1	-1	-1	-1
ad16bfb1c19634519144ec13cd43d00a	-1	-1	-1	-1	-1	-1	-1	1	-1	1	-1	-1	-1	-1	-1
db3a134c4981b720d295a7caa59c0838	-1	-1	-1	-1	-1	-1	1	-1	-1	-1	-1	-1	-1	-1	-1
47ad35356a9bfec68416d32e4f039021	-1	1	1	-1	-1	-1	-1	1	1	1	-1	-1	-1	-1	-1
932e1f2d3f75eaba13d2b2be2f2f7cb3	1	1	1	-1	-1	-1	-1	1	-1	1	-1	-1	-1	1	-1
32bb1fe876256cc31b5fbe9f28e0d50d	-1	-1	-1	-1	1	-1	-1	-1	-1	-1	1	-1	-1	-1	-1
06b22cf46e95cbb074d733b7f9fbbe87	-1	-1	-1	-1	-1	-1	-1	-1	-1	-1	-1	-1	-1	1	-1
9ff2bb00c19f92cab6e98534d5856a6c	-1	1	1	-1	-1	-1	-1	-1	-1	-1	-1	-1	-1	-1	-1
3719ed1304a10fd17c824b6a293222f8	-1	-1	-1	-1	-1	-1	1	-1	-1	-1	-1	-1	-1	-1	-1
0f1344068dd7c7d6f85ef5fdfe6151b2	-1	1	-1	-1	-1	-1	-1	-1	-1	-1	-1	-1	-1	-1	-1
3f5acc28d3e256f0ec8bdfe42e285b77	-1	1	-1	-1	-1	-1	-1	-1	-1	-1	-1	-1	-1	-1	-1
1fa555f9a74d47a6ca7a65a347bc885f	-1	-1	1	-1	1	-1	-1	1	-1	1	1	1	-1	-1	-1
884bcd0d9d60d875c77de204348be19e	-1	-1	-1	-1	-1	-1	-1	1	-1	1	1	-1	-1	1	-1
dd5880d428a639d31471df07daedef55	-1	-1	-1	-1	-1	-1	-1	1	-1	1	-1	-1	-1	-1	-1
fe1bd772a1ab2fbf1923ee8189ed8d32	1	1	1	-1	-1	-1	-1	-1	-1	-1	-1	-1	-1	-1	-1
