DATASET_EXTERNALSHAPE
SEPARATOR TAB
DATASET_LABEL	Abundancia relativa por especie
COLOR	#000000
FIELD_LABELS	Alouatta caraya	Alouatta palliata	Alouatta seniculus	Ateles belzebuth	Cercopithecus ascanius	Colobus guereza	Eulemur rubriventer	Gorilla gorilla	Lemur catta	Pan troglodytes	Papio anubis	Papio hamadryas	Piliocolobus badius	Propithecus verreauxi	Theropithecus gelada
FIELD_COLORS	#2476b3	#adc6e7	#ff7e10	#ffba77	#319e30	#97de89	#d52c2b	#ff9794	#9267bc	#c4afd4	#8b574c	#c39b93	#e277c1	#f7b5d1	#7e7e7e
FIELD_SHAPES	2	2	2	2	2	2	2	2	2	2	2	2	2	2	2
LEGEND_TITLE	Especie de primate
LEGEND_SHAPES	2	2	2	2	2	2	2	2	2	2	2	2	2	2	2
LEGEND_COLORS	#2476b3	#adc6e7	#ff7e10	#ffba77	#319e30	#97de89	#d52c2b	#ff9794	#9267bc	#c4afd4	#8b574c	#c39b93	#e277c1	#f7b5d1	#7e7e7e
LEGEND_LABELS	Alouatta caraya	Alouatta palliata	Alouatta seniculus	Ateles belzebuth	Cercopithecus ascanius	Colobus guereza	Eulemur rubriventer	Gorilla gorilla	Lemur catta	Pan troglodytes	Papio anubis	Papio hamadryas	Piliocolobus badius	Propithecus verreauxi	Theropithecus gelada
HORIZONTAL_GRID	1
VERTICAL_GRID	0
SHAPE_SPACING	2
MARGIN	5
BORDER_WIDTH	0.5
BORDER_COLOR	#999999
DATA
f13cc60e608d54599659f721d584c2fb	16.5986	8.3920	13.6681	44.8012	1.1906	0.0648	5.2173	6.2232	6.9427	4.4845	1.3614	0.6782	0.3271	18.0793	5.2501
05ec0169562f77638667ef95cbe288b8	10.8530	2.2049	4.9317	0.1445	5.8597	18.6296	0.5813	2.5890	0.2913	0.8427	2.8593	3.9661	25.6583	1.3448	6.8005
bd517e8148bac1e3c47b9e9c41dc516c	1.8706	3.6818	2.6332	0.3021	1.2935	0.2738	2.6943	2.7049	3.8326	3.2061	2.4114	5.7263	1.2268	4.7823	8.2532
a0cc739014948a1ae4443a14f7e12acd	0.5973	0.6705	1.2742	0.1867	3.6170	6.7919	0.0801	4.7284	0.8233	1.7456	3.4623	3.7477	3.1366	0.4834	1.5163
42bcc12ad42a0aab47959a2b4f52fe74	7.9595	1.0434	1.7980	6.2012	3.1090	2.7106	0.3928	0.4937	0.2842	0.4064	3.8148	2.6015	0.3736	0.0000	0.3167
d6429a0b1c1939f2093ef2bd21883a4d	0.4080	1.2253	1.2784	0.0000	0.0000	0.0000	2.7511	3.2411	25.3525	4.0034	0.3357	0.3533	0.0018	0.0000	0.2820
202d02e41ebc9e37909510c3bf6b7047	0.0032	3.7084	0.0000	0.0000	1.9496	0.1326	3.4122	4.1179	3.3032	1.0863	3.0762	2.8289	0.8746	0.0022	1.7335
b10627ff6db16c65eed2f21380dd700f	0.9562	0.4166	0.3339	0.0383	2.8754	1.4600	0.0243	5.7877	1.5640	2.0353	1.7185	1.7448	1.6937	0.0000	2.5365
ca43af98869e5c96dd9cfbf1b008588b	0.0012	0.0000	0.0021	0.0000	1.4964	4.0747	0.0000	1.2064	0.0000	2.3660	0.5906	1.2961	0.3063	1.3786	1.4689
60257e0c9332434ca456c7f9b50eee75	5.2146	1.7500	2.9318	0.5912	0.8868	1.3244	0.8975	0.0164	0.9330	0.7309	0.5103	0.4231	0.0000	0.0084	0.0931
1f847ab2921330316b6683a76bf50dad	0.0563	0.0218	0.4282	0.1460	9.8415	0.0736	0.0000	1.9384	0.0000	2.3948	14.6599	8.6271	0.0861	0.0000	8.0400
06308d44b87d67a709f6ff69aa6cfbc1	2.0066	1.6956	2.0303	0.1569	0.6593	1.9027	0.2575	0.0592	0.3308	0.1569	0.4951	2.7688	0.0780	0.0000	0.1347
3eaea6032cd88394cba0e99c2836e64e	0.0044	0.0142	0.0000	0.0000	7.0025	1.0286	0.0000	0.5044	0.0037	1.9478	3.5979	5.2647	0.3703	0.0000	1.8997
25d4eb76e127fc3e20545792889934b7	0.0000	0.0000	0.0000	0.0000	0.0000	0.0382	7.9016	0.0000	2.2832	0.0000	0.0000	0.0000	1.1625	4.1689	0.0000
765a7457223d0e7923a7d85d9a6bc3fd	1.1252	0.2520	0.2494	0.0000	0.0597	0.9285	0.1124	0.0000	0.0906	0.1139	0.2707	0.1866	1.6629	0.0000	0.0257
7fd554b8d9f20a3774bcc3dde012cea4	0.1373	0.3655	2.5517	0.1052	0.0709	1.9358	0.3291	0.6304	0.9118	0.9229	0.0474	0.0681	3.9550	0.0000	0.0249
2325a29684f17180b653df48f773c725	0.9761	0.9953	0.5498	1.1445	0.3359	1.2657	0.0000	0.0359	0.0028	0.0500	1.3106	0.4089	0.5196	0.0000	0.0000
911cb1c362da80d17bf135fd8a43d962	1.3628	0.3062	0.4986	0.0356	0.0000	0.2419	0.2059	0.0015	0.0803	0.0000	0.0000	0.0000	0.1300	0.4752	0.0000
e42c867bb7ae1168752d74e649d282c2	0.4856	0.5498	0.5325	0.0000	0.7186	0.5033	0.0000	0.0112	0.0000	0.0361	0.9028	1.3987	0.0000	0.0000	0.5245
050b10290534396fb4021d77e3ffd499	0.2760	2.8206	1.6221	0.0000	0.2750	0.0000	0.0000	0.4364	1.2396	1.5423	0.0342	0.1190	0.0000	0.0000	0.3613
b5f464512281322518b5f6ff1fbfbfdc	0.2646	0.3049	0.2931	0.1463	0.5264	0.0042	0.0000	0.0846	0.0000	0.3661	0.9454	1.3465	0.0000	0.0000	0.0000
59196a586276f0be745d0e334fc071c6	0.6484	0.0499	0.4010	0.3482	2.6217	0.0000	0.0000	0.2965	0.0000	1.1927	2.2302	1.9623	0.0000	0.0000	0.1080
836cf660b00da3b2043b9f3ef145d87f	0.0000	0.0000	0.0000	0.0000	0.2410	0.0000	1.3083	0.0068	2.1966	0.8097	0.6815	0.7396	0.0000	0.0000	0.0727
1cfc3e962d8cc23a987d8f6e5376274d	1.2421	0.0886	1.9898	0.0000	0.4626	0.2670	0.0000	0.0291	0.0000	0.1519	1.5521	0.0378	0.3825	0.0000	0.0392
8389fbe059e147baac4fd2e08269b13f	0.0000	0.0000	0.6727	0.0000	0.7241	0.7747	0.3800	0.3533	0.0000	0.1174	0.6317	0.8436	0.0042	0.0000	0.9961
257f582bba0259e52354f6f3fdd65758	0.1889	0.0859	0.0451	0.0000	0.4855	0.0000	0.0000	4.0462	0.0000	2.0254	0.5300	0.4404	0.0000	2.8187	0.0140
2a2cb761074aaac6fc46cef8109896c3	0.0000	0.0000	0.0000	0.0000	0.3363	2.4499	0.0000	0.8051	0.0000	0.5321	0.4056	0.5479	0.0466	0.0000	1.5802
4fd8cc7d88b18b9c39ef11ea50a1cb24	0.4482	0.3527	0.4658	7.8053	0.8257	0.0000	0.0000	0.3295	0.0035	0.9907	0.0501	0.4319	0.0032	0.0000	0.0000
01628f402fc6caf6b574c2cbf0a7412a	0.4381	0.3693	0.1043	0.3021	0.0066	0.0181	2.0299	0.0000	0.5061	0.0023	0.0000	0.0000	0.0000	0.5570	0.0039
bdbf4a7fe8de971c31199740d3709d99	1.3004	0.0000	0.0000	1.3301	0.0000	0.0000	1.2836	0.6020	0.5904	1.7815	0.8968	0.5260	0.0000	0.0022	0.0000
f45b62ab6ec22fb20364a7e05088158f	0.9637	0.0467	0.0664	0.1831	0.8741	0.0000	0.0000	0.0000	0.0000	0.1908	0.1202	0.1489	0.0000	0.0000	0.0765
e3262eb61a871d3230682c2be20e20a1	0.7352	0.0675	0.2109	0.0000	0.7456	0.1080	0.0000	1.8956	0.0000	1.8838	0.2110	0.2238	0.9565	0.2790	0.4688
ea3af29626a95b6c7b89d631bf1a739c	0.0000	0.1771	0.9007	0.7117	0.7870	0.3826	0.0000	0.0479	0.0000	0.5168	0.5062	0.2772	0.0000	0.0000	0.3351
f3c46767b5ee373204436a6c19151348	0.0010	0.0000	0.0000	0.0000	0.4343	0.0020	2.1662	0.2638	1.1021	0.4806	0.3295	0.4029	0.0000	2.5779	0.8224
e3384ca173358208713bbc11316a380f	0.0000	0.0000	0.0594	0.0000	0.1901	2.6557	0.0000	0.0082	0.0000	0.0292	0.6245	0.6357	1.3632	0.0000	0.0000
d5cf3cfa66a9f601b4eef7b1772699b7	0.2446	0.0000	0.0964	0.2213	0.1838	0.0000	1.0250	0.2174	0.0000	0.6639	0.3257	0.1888	0.0000	0.0000	0.0946
571a9c17ce529f1df2622f6bcfba5efd	0.0000	0.8985	0.0566	0.0000	0.7037	0.0878	0.0000	0.0303	0.0000	0.0817	0.4165	0.9024	0.0000	0.0000	0.0000
b550f122603aef8631a24d3f960c89ca	0.0000	0.0000	0.0000	0.0000	0.0000	0.0000	1.1425	0.3603	1.0053	0.0000	0.2721	0.1075	0.0000	0.0000	1.5121
8720f9ecd2331ce68e2896df1bf2d977	0.0000	0.0000	0.0268	0.0000	0.0987	0.0014	0.2472	0.0382	0.0000	0.3134	0.6322	0.2555	0.0000	0.6591	0.0000
378d7f0d1da29b1e838c56ec3be441de	0.0000	0.0000	0.0000	0.0000	0.0743	0.8365	0.6530	0.0000	0.0831	0.0248	0.0000	0.0380	2.4190	0.0000	0.0108
38c997ad2c3a7436d0ecbe4d7ce94364	0.0000	0.0000	0.0000	0.0000	2.9853	0.1323	0.0000	0.0176	0.0000	1.1133	0.4802	0.5608	0.0000	0.0000	0.8039
117f89aaec1283021c3680ccc5c5b5d3	0.7159	0.0858	0.4288	0.6977	2.2743	0.0173	0.0000	2.8215	0.0000	1.7211	1.6742	1.2566	0.0297	0.0034	0.4167
d0c4d1c8819dad84a39666ed53d5edad	0.0025	0.0000	1.4532	0.0090	0.0045	0.0188	2.2428	0.2027	0.0000	0.3281	0.0000	0.0000	0.0000	0.0000	0.0000
5d87bf66e1bf780c1a4d38e3ef0314f8	0.3207	0.0000	0.0000	0.0000	0.5235	0.0414	0.0000	0.5055	0.0000	0.5034	0.0000	0.0000	1.0867	0.0000	0.7775
2a99b23ac5ab782d55085a57de9ae4e3	0.2446	0.1419	0.2196	0.0000	0.2975	0.7261	0.0000	0.1310	0.0000	0.0098	0.6074	0.1085	0.5247	0.0000	0.0135
e72acf8e3939d07722ef4f6f930a0a10	0.2737	0.0264	0.0000	0.0000	0.0000	0.1640	0.1909	0.0000	0.7593	0.0005	0.0000	0.0000	0.0000	0.0000	0.0000
48f9a54af823aedd7a92b149b8d160b7	0.0000	0.0000	0.0000	0.0000	0.0000	0.0000	1.3418	0.3338	0.0000	0.4864	0.4068	0.3540	0.0000	0.0000	0.0000
f44e80fa35da44bb8bfc6288d73b7f34	0.3399	0.0395	0.1312	0.0000	0.0996	0.7674	0.0000	0.0000	0.0000	0.0046	0.1366	0.0670	0.2447	0.0000	0.0000
999a1f43f7dccbb4fc89609fd2e4f9ee	0.1628	0.5578	0.0510	0.0410	0.2726	0.0136	0.9245	0.0000	0.0000	0.0000	0.0038	0.0000	0.3240	0.0000	0.0000
7360157a832d9a7f6a23bfe0366ac3cd	0.2812	0.2527	0.8963	0.0000	0.3094	0.0000	0.0000	0.0000	0.0000	0.0229	0.5000	0.0231	0.0000	0.0000	0.0377
ae5d65b08b9cce92ba95d0e0db93cf2a	0.0000	0.0000	0.0000	0.0000	0.2013	0.0727	0.0000	0.0023	1.8221	0.0000	0.0637	0.3801	0.5508	0.0000	0.6513
76fb2ac4cb9119f054ccce964313528e	0.0000	0.0000	0.0000	0.0000	0.0380	0.0000	0.2782	0.6942	0.0000	0.4317	0.0136	0.0000	0.0000	0.0000	0.0000
c942f59feffce9c3ab527135de234101	0.0239	0.0344	0.5623	0.5783	0.0297	0.1323	0.0314	0.2627	0.3634	0.0910	0.0989	0.1328	0.0000	0.0421	0.0140
dffe442574c400ed8a7c0da8de0318fc	0.0000	0.0000	0.0000	0.0000	0.7783	0.0000	0.0000	1.5954	0.0000	1.3069	0.0000	0.0000	0.0000	0.0000	0.0000
52e90fa42a58e781d79808a8491a0167	0.0000	0.0000	0.0000	0.0000	0.0000	0.0000	0.0000	0.5815	1.1417	1.1709	0.2265	0.5482	0.0000	0.0000	0.0000
ff154a3816c2aa4100a7d80c7559d611	0.1758	0.1863	0.0426	0.0000	0.0000	0.3687	0.0000	0.5667	0.0000	0.0000	0.0000	0.0000	0.0000	0.0000	0.0000
245bed51e87c97dabedbb244cd82335e	0.0004	0.1699	0.0260	0.3431	0.1315	0.0000	0.0000	0.0273	0.0000	0.0727	0.2562	0.0000	0.0000	0.0000	0.0000
8183f1e3f9806994e125b1d5c6932498	0.0000	0.0000	0.0176	0.5361	0.6282	0.0000	0.0000	1.1619	0.0000	0.1835	0.6486	0.4240	0.0000	0.0000	0.0000
c85419a2e4fbd9032eb709cf0a93a5b3	0.0000	0.0000	0.0000	0.0000	0.0000	0.0000	4.2569	0.0000	0.0000	0.0000	0.0000	0.0000	0.0000	0.0000	0.0000
56b93078c44793877baeeca41b639fc7	0.0000	0.0000	0.0000	0.0000	0.0000	0.0000	0.4527	0.0076	0.3811	1.2067	0.0946	0.1420	0.0000	0.0000	0.0000
b01b99df453856c314fdeefd125f9850	0.2710	0.3291	0.2760	0.0000	0.3247	0.0000	0.0000	0.0210	0.0000	0.0795	0.2754	0.2339	0.0000	0.0000	0.1381
482cf4e95e7f5e1beec0a433a490a678	0.0000	0.0000	0.0000	0.0000	0.3693	0.1086	0.0000	0.0000	0.6239	0.0000	0.4437	0.0000	0.6055	0.0000	0.0000
348aca0dca9ddedc98eccb9f2aa496e3	0.0000	0.0000	0.0000	0.0000	0.0000	0.0000	0.0000	1.2702	0.0000	0.1101	0.0000	0.0000	0.0000	0.0000	0.0000
149e7d5e484d157f2ac6140a2111618e	0.1799	0.0014	0.0107	1.0443	0.1086	0.0000	0.0000	0.3776	0.0021	0.0733	0.1001	0.0456	0.0000	0.0000	0.0000
fe80c0245977bd8a413ece64a788a22b	0.0000	0.0000	0.0000	0.0000	0.1102	0.0000	0.0000	0.4380	0.3318	0.3285	0.1187	0.1549	0.0000	0.7489	0.0000
d334f11c69e464c3e16467ff8b75d145	0.0000	0.0000	0.0000	0.0000	2.9253	0.0000	0.0000	0.0000	0.0000	0.0000	0.1645	0.2818	0.0000	0.0000	0.0000
d133f867be8a97500a73558476fcb050	0.0000	0.0000	0.0000	0.0000	0.2363	0.0000	0.0000	0.3628	0.0011	0.0000	0.5400	0.1770	0.0000	0.0000	1.0293
bfcf5646be6b0a74c2f619b2f8b30c3c	0.0000	0.0000	0.0000	0.0000	0.0000	0.4398	0.0000	0.0469	0.0000	0.4928	0.0000	0.0053	0.0000	0.0000	0.5697
1230fa8bad7320889aee41837c688297	0.6817	1.0283	0.0459	0.0000	0.0000	0.1112	0.0000	0.0000	0.0055	0.0000	0.0000	0.0000	1.4881	0.0000	0.0000
3b00ebf38bf63dbdbafd0c7a970ed67a	0.0000	0.0000	0.0000	0.0000	0.0000	0.0000	0.2471	0.5012	2.0893	0.0000	0.1403	0.3438	0.0000	0.0000	0.0000
e150765b9a4a483c7ec513bc6284d251	0.0000	0.0000	0.0000	0.6387	0.2843	0.0610	0.0000	0.0293	0.0000	0.7743	0.2589	0.2804	0.0000	0.0000	0.0000
907662192ac87558b3e3242dfdd3ebb4	0.1587	0.1147	0.0569	0.0000	0.0000	0.0000	0.0000	0.0000	0.0000	0.0000	0.0000	0.0000	0.0000	1.0011	0.0000
4c2189b6b5ced3cb80093414e9449de9	0.0000	0.0000	0.0239	0.0000	0.1483	0.0000	0.0000	0.0819	0.0000	0.5180	0.3015	0.0676	0.0000	0.0000	0.0099
0dc8efd8023c618c0bc71383be9fe9bc	0.0000	0.0000	0.0000	0.0000	0.2857	0.7913	0.0000	0.0164	0.0000	0.1344	0.0192	0.0000	0.0000	0.0000	0.0000
abe0b6466dd1e1af5818c757cca890b7	0.0000	0.0000	0.0000	0.0000	0.3024	0.0000	0.0000	0.0000	0.0000	0.0000	0.8253	0.4407	0.0000	0.0000	0.3100
18d83e888815be3308c273a62973a73e	0.0000	0.0000	0.0000	0.0000	0.0111	0.0000	0.0000	0.0036	0.0000	0.1529	0.1957	0.1389	0.0000	0.0000	0.3339
48a3137cf777247decf83bfca309f489	0.0000	0.3776	0.0000	0.0000	0.0000	0.0808	0.0000	0.3655	0.0000	0.0000	0.0000	0.0000	0.4850	0.0000	0.0000
456e2914d5e14abc86af7eac0387c143	0.0007	6.3083	0.6939	0.0000	0.0000	0.4352	0.0000	0.0039	0.0145	0.2705	0.0000	0.0000	1.5759	0.0000	0.0000
e9ed2542e64758c0e9e5c6ae48ed9ca6	0.0000	0.0000	0.0000	0.0000	0.0000	0.0110	0.0000	0.3992	0.0000	0.0000	1.1393	0.0000	0.3969	0.0000	0.0000
7b3acc8e3dcbc5afcfaa0a58b956aebb	0.0000	0.0000	0.0000	0.0000	0.0000	0.0000	0.0000	1.6316	0.0000	0.6755	0.0000	0.0256	0.0000	0.0000	0.0000
481099adc810d0454a74a502a58df07d	0.0000	0.0000	0.3696	0.0000	0.1648	0.0060	0.0000	0.2632	0.0000	0.0000	1.6476	1.3054	0.0000	0.0000	0.0000
2b982979f2401a8bc447d7141879e9b2	0.0000	0.0000	0.0783	0.0000	1.3325	0.0769	0.0000	0.0518	0.0089	0.1586	2.1335	1.5387	0.3439	0.0000	0.0000
3f93ab5f2c91f898d9b95722558d595c	0.2265	0.4253	0.2178	0.6924	0.3465	0.0000	0.0000	0.0000	0.0000	0.0000	0.0182	0.0403	0.0000	0.0000	0.0189
81f21c89a8b928bd2c2a1807e6016fae	0.0000	0.0000	0.0000	0.0000	0.0000	0.0000	0.0000	0.1889	0.0000	0.9297	0.2089	0.1009	0.0000	0.0000	0.0000
4e88bb55d702c2be70d20800ec56aa0f	0.0000	0.0000	0.3793	0.0000	0.8774	0.0000	0.0000	0.0000	0.0000	0.0000	0.1971	0.7352	0.0000	0.0000	0.0000
282c7bcc333123cde6d3a5773e352a0c	0.2808	0.1139	0.1351	0.0000	0.2120	0.0440	0.0000	0.0160	0.0000	0.4596	0.1440	0.1067	0.3183	0.0000	0.0000
9f4ffeb183606395a469b48c5de051c6	0.0000	0.0000	0.0000	0.0000	0.1375	0.0000	0.0000	0.1328	0.0000	0.0347	0.0000	0.0000	0.0000	1.5665	0.0000
c076fef5e5e52ade435c989a9bd40ffd	0.0020	0.0000	0.0000	0.0000	0.0000	0.0000	0.0000	0.0000	0.0000	0.1805	4.5589	0.0604	0.0000	0.0000	0.0022
9707883a9fa371c84a54460aec8adf2a	0.0000	0.0000	0.0000	0.0000	0.1305	0.0802	0.0000	0.0000	0.0000	0.0254	0.1713	0.3333	0.2611	0.0000	0.0000
8937656c16c20701c107e715bad86732	0.2195	0.0000	0.1814	0.0000	0.1018	0.0000	0.0000	0.0755	0.0000	0.0000	0.3656	0.0592	0.0000	0.0000	0.0000
a433d47699339fe9afef1e7376f3ce65	0.0000	0.0000	0.0000	0.0000	0.0000	0.0000	0.0000	0.2060	0.0000	0.0000	0.0000	0.0000	0.0000	0.0000	1.2907
e2c3ff4f647112723741aa72087f1bfa	0.0000	0.0346	0.0092	0.0000	0.0000	0.0000	0.0297	2.8117	0.0705	0.0230	0.0694	1.5036	0.0000	0.0000	0.0000
022eee6e34a7c61f52638c7b10a0c13c	0.0000	0.0000	0.0000	0.0000	1.4101	0.0020	0.0000	0.0000	0.0000	0.0000	0.0161	0.3742	0.0000	0.0000	0.0222
f1bab5e375a07abb1fc7921a3b2dd2c2	0.0000	0.0000	0.0000	0.0000	0.0000	0.0000	0.0000	0.3133	0.0000	0.4837	0.0000	0.0000	0.0000	0.0000	0.0000
250329d0cbffc2099d4d24920bd77eff	0.0277	0.0171	0.0823	0.0000	0.0086	0.0000	0.0000	0.2131	0.0000	0.2015	0.0366	0.0000	0.0000	0.0000	0.0000
feff55dedcac9203c59fbc595fb651eb	0.0000	0.0000	0.0000	0.0000	0.0000	0.5844	0.0000	0.0000	0.0000	0.0000	0.0000	0.0000	0.4844	0.0000	0.0000
54c281ab1cf2ce5342cb910e7252db33	0.3609	0.0000	0.0000	0.0000	0.0000	0.0000	0.0000	0.0044	0.0000	0.3022	0.0000	0.0000	0.0000	0.0000	0.0000
3bc20133397339afa19b98b0f346c488	0.0000	0.0000	0.0000	0.0000	0.3934	0.0000	0.0000	0.0000	0.0000	0.0000	0.3579	0.8258	0.0000	0.0000	0.0000
5bc910157a049856e8204e4690fda3b5	0.0000	0.0000	0.0186	0.0000	0.3655	0.0000	0.0000	0.0026	0.0000	0.0000	0.3725	0.0000	0.0000	0.0000	0.0548
6c7fa77831ae630967a6fbfc8ee47901	0.0000	0.0000	0.2771	0.0000	0.0000	0.0000	0.0000	0.0429	0.0000	0.0000	0.0056	0.0000	0.3745	0.0000	0.0000
8533e01a19fc5d624e49fe95dc3dfb34	0.0000	0.0040	0.0000	0.0000	0.0000	0.0000	0.5979	0.0000	0.4108	0.3092	0.0000	0.0000	0.0000	0.0000	0.0000
ea6705d0f6df5f089e6c413d6efcac70	0.0997	0.0000	0.0000	0.0000	0.1435	0.0643	0.0000	0.0000	0.0000	0.0000	0.0196	0.0537	0.0000	0.0000	0.0000
b672789adaaa264799bead3748b3fc7b	0.0000	0.0000	0.0000	0.0000	0.0000	1.6412	0.0000	0.0000	0.0000	0.0000	0.0000	0.0000	0.0000	0.0000	0.0000
65824c9ca54e8b78283b362afae16cd8	0.1360	0.0000	0.0000	0.0000	0.0000	0.4059	0.0000	0.0000	0.0000	0.0000	0.0000	0.0000	0.0000	0.0000	0.0000
3e2db55495d9c26a4bb18cfeb9f2fbc8	0.0000	0.0000	0.0000	0.0000	0.0000	0.5276	0.0000	0.0000	0.0000	0.0000	0.0000	0.0000	0.7858	0.0000	0.0000
6333c65cd4acba0e93afa131abf66f79	0.0000	0.0000	0.0000	0.0000	0.0177	0.0000	0.2222	0.1119	0.0000	0.1970	0.0791	0.0083	0.0000	0.0000	0.0000
5b4cf900b79a935da04409d27e7103af	0.0000	0.0000	0.0000	0.0000	0.0000	0.0000	0.0000	0.2883	0.0000	0.1606	0.0000	0.0000	0.0000	0.0000	0.0000
a898ab63b699f5ec89883fcbc8d1c8e6	0.0000	0.0000	0.0000	0.0000	0.0000	0.0000	0.0000	0.0000	2.9013	0.0000	0.1983	0.1483	0.0000	0.0000	0.0000
5957a16f5226fb9bbbc751f1d70e2af4	0.0000	0.0000	0.0000	0.0000	0.0000	0.0000	0.0000	1.5120	0.0000	0.3506	0.0000	0.0000	0.0000	0.0000	0.3109
7201d53bd647437ec3de879774eba498	0.0000	0.0000	0.0000	0.0000	0.7343	0.0000	0.0000	0.0527	0.2163	0.1998	0.0649	0.0932	0.0000	0.0000	0.0000
73b66261af9b918d72450b5fc7cea40f	0.0000	0.0000	0.0836	0.0000	0.0000	0.4101	2.9733	0.0581	0.0000	0.0000	0.0000	0.0000	0.0000	0.0000	0.0000
387255c301b8b6c022bfa6682f54596e	0.0000	0.2644	0.0000	0.0000	0.0000	0.0000	0.0000	0.0007	1.1101	0.0000	0.0000	0.0000	0.0000	0.0000	0.0000
1a8ff4a7894d80fe58de5081e9f9ff5b	0.1018	0.0000	0.0000	0.0000	0.0000	0.0000	0.0000	0.0273	0.0000	1.6296	0.0000	0.0000	0.0000	0.0000	0.0000
feb25ce582b38c9266f32d0f725b0364	0.1158	0.0000	0.0011	0.0000	0.0635	0.0010	0.0000	0.0020	0.0000	0.0000	1.1976	0.3011	0.0000	0.0000	0.0382
3798696dc2f6bc242178ae5a1c66ecb3	0.0000	0.0000	0.0000	0.0000	0.0000	0.0000	0.0000	0.0148	0.0044	1.2461	0.0000	0.0000	0.0000	0.0000	0.0000
e3ac7b9ba1cf5867987b197015b9d657	0.0000	0.0000	0.1404	0.0000	0.0000	0.0000	0.0000	0.0000	0.0000	0.0000	0.0000	0.0000	0.0000	0.0000	0.0000
37cb0557ebe16955b6ebd752ab3ee954	0.0000	0.0000	0.0000	0.0000	0.0000	0.0129	0.0000	0.0000	0.0000	0.0000	0.0000	0.0000	0.3982	0.0000	0.0000
e6a34eb113dba66df0b8bbec907a8f5d	0.0000	0.0000	0.2453	0.0000	0.0000	0.0000	0.0000	0.0411	0.0000	0.0007	0.0000	0.0000	0.0000	0.0000	0.0033
361ef5403b473cd04265b8dc41d57af6	0.0000	0.0000	0.0000	0.0000	0.0000	0.1198	0.0000	0.0000	0.0000	0.0000	0.0000	0.0000	0.2002	0.0000	0.0000
63728ecdd08aaa4171bf7ff1b9894324	0.0000	0.0000	0.0000	0.0000	0.0000	0.0000	0.0000	0.0000	0.4140	0.0000	0.0000	0.0000	0.0000	0.0000	0.0000
4ea71e2380629abbd1faf184f7b191dc	0.0000	0.0000	0.0000	0.3688	0.0000	0.0000	0.0000	0.0000	0.0000	0.0000	0.0000	0.0000	0.0000	0.0000	0.0000
866f383f9d913ebe8ca21fa6c9a1569d	0.0000	0.0000	0.0000	0.0000	0.0000	0.0000	0.0000	0.3244	0.0000	0.0000	0.0000	0.0000	0.0000	0.0000	0.0000
eccb294d748e7d9b68ae3fcee9f717a3	0.0000	0.0000	0.0000	0.0000	0.3007	0.0000	0.0000	0.0000	0.0000	0.0665	0.0562	0.4097	0.0000	0.0000	0.0797
8fe118e02257f67d7bd68e7e4033f72c	0.0007	0.1004	0.0209	0.0000	0.0000	0.0000	0.0000	0.0000	0.0000	0.0000	0.0000	0.0000	0.0000	0.0000	0.0000
49eaee25c7f6eaa234c87307cec337b5	0.0000	0.0000	0.0000	0.0000	0.0000	0.0000	0.4941	0.0000	0.0000	0.0000	0.0000	0.0000	0.0000	0.0000	0.0000
0209f9868a22059c659df474a746d8f4	0.1038	0.0000	0.0000	0.0000	0.0000	0.0221	0.0000	0.0000	0.0000	0.0000	0.0000	0.0000	0.0000	0.0000	0.0000
30207d209491dfb7de83344e77fd6fbd	0.0000	0.0000	0.0181	0.0000	0.5416	0.0000	0.0000	0.0000	0.0000	0.0000	0.1843	0.0955	0.0000	0.0000	0.5622
7e54570d21f03dfcefff07151a8c2d54	0.0000	0.0000	0.0000	0.0000	0.0000	0.0000	0.0368	0.0000	0.2444	0.0043	0.0000	0.0000	0.0000	0.0000	0.0000
177a7fdb5299557419c485debfb4e243	0.0000	0.0000	0.0000	0.0000	0.0070	0.0121	0.2030	0.0000	0.0000	0.0000	0.0000	0.0000	0.0000	0.0000	0.0000
467ca8625177c7ec002584601450e2f2	0.0000	0.0000	0.0000	0.0000	0.0000	3.0218	0.0000	0.0000	0.0000	0.0000	0.0000	0.0000	0.0000	0.0000	0.0000
e62b0503b08bdcc495c6941a8383caa0	0.0000	0.0000	0.0000	0.0000	0.0000	0.0000	0.0000	2.5264	0.0000	0.0000	0.0000	0.0000	0.0000	0.0000	0.0000
fdfa02a204ea4f65998078d291699ea3	0.0000	0.0000	0.0000	0.0000	0.0000	0.0000	0.3310	0.0000	0.0000	0.0000	0.0000	0.0000	0.0000	0.0000	0.0000
0b6df6cea1e5db58ce3103b0b14795e0	0.0000	0.0000	0.0000	0.0000	0.0000	0.0000	0.0000	0.0000	0.0000	0.0000	0.0000	0.0041	0.0018	0.0000	7.0963
70d64bb0a16e3e22721779f2a27bfc90	0.0000	0.0000	0.0000	0.0000	0.0167	0.0000	0.0000	0.0151	0.0000	1.3834	1.0136	1.3278	0.0000	0.0000	0.0000
8d021a40f38f2efbce8dc0283e281b74	0.0000	0.0000	0.0000	0.0000	0.0000	0.0000	0.0000	0.0000	0.0000	0.0000	0.0000	0.0000	0.0000	0.0000	3.9603
fbb1d3204eaa53ea805fe2d2df3da399	0.0000	0.0000	0.0000	0.0000	0.0000	0.0000	0.0000	0.0000	0.0000	0.1072	0.0092	0.0000	0.0000	0.0000	0.0000
cd22a41335b0c9bdb2eb548c4f5764a1	0.0000	0.0000	0.0000	0.0000	0.0000	0.0000	0.0000	0.0000	0.0000	0.0000	0.0000	0.0000	0.0000	1.0144	0.0000
dde956cca472aeea6f585345cb2b3f12	0.0000	0.0000	0.0000	0.0000	0.0000	0.0000	0.1845	0.0000	0.0000	0.0000	0.0000	0.0000	0.0000	0.0000	0.0000
ea5bdec9af33fa082db549bd726b7fca	0.0000	0.0000	0.0000	0.0000	0.0000	0.0075	0.0000	0.0000	0.0053	0.0000	2.1999	2.1512	0.0000	0.0000	0.0000
5e5abb3090fc99ffb198ba07703d50e7	0.0000	0.0000	0.0000	0.0000	0.0000	0.0000	0.0000	0.0000	0.0000	0.0000	0.0000	0.0000	0.0000	3.2817	0.0000
decdb65d7fe9d367eb02bceb9a2b9145	0.0000	0.0000	0.0000	0.0000	0.0381	0.0000	0.0000	0.0000	0.0000	0.0092	0.1166	0.3511	0.0000	0.0000	0.0000
7b3f3ea0beb9a4f0c7f4b854f046e965	0.0000	0.0000	0.0000	0.0000	0.0000	0.0000	0.2571	0.0000	0.0000	0.0000	0.0000	0.0000	0.0000	0.0000	0.0000
f8b5fef9efe1515fa0929e09b442a660	0.0000	0.0000	0.0000	0.0000	0.0000	0.0000	0.0000	0.0000	0.0000	0.0000	0.0000	0.0000	0.0000	0.4487	0.0000
178c1c983a1c58a5df9a52519761b74a	0.0000	1.0614	0.0000	0.0000	0.0000	0.0000	0.0000	0.0000	0.0000	0.0000	0.0000	0.0000	0.0000	0.0000	0.0000
f8d6808f06593a6e40e07bdb9b1a6174	0.0000	0.0000	0.0000	0.0000	0.0228	0.0015	0.0000	0.0000	0.0502	0.0000	0.0722	0.7939	0.0000	0.0000	0.1126
04195686f2b70585790ec75320de0d6f	0.1264	0.0532	0.0093	0.0000	0.0070	0.0345	0.0793	0.0355	0.3165	3.2716	0.0565	0.0137	0.9577	8.0253	0.0000
d061a99148d649c4eca4836c5f4b5b68	0.0000	0.0000	0.2193	0.0000	2.6357	0.0000	0.0000	0.4959	0.0049	1.0425	0.3470	0.6563	0.0000	0.0000	0.0000
16a0655d9f2d6d566a02c341b32a9f7d	0.0000	0.0000	0.0000	0.0000	0.2664	0.0000	0.0000	0.0000	0.0000	0.1073	0.1547	0.0634	0.0000	0.0000	0.0000
ce31bada1ef54b01a76ed192eb2787fa	0.0000	0.0000	0.0000	0.0000	0.0000	0.0000	0.0000	0.0000	0.0000	0.0000	0.0000	0.0000	0.0000	0.0000	0.5587
efbd576c56cb4449556178bf808e8e9e	0.0000	0.0000	0.0000	0.0000	0.0000	0.0388	0.0000	0.0000	0.0000	0.0000	0.0000	0.0000	0.6833	0.0000	0.0000
997abc833f25b2145ef4d8f8b105a03b	0.0000	0.0000	0.0000	0.0000	0.0000	0.0000	0.0000	0.0285	0.0000	0.9332	0.0000	0.0000	0.0000	0.0000	0.0000
ab71ee68a503c976b39d9dff15bbf9c6	0.0000	0.0000	0.0000	0.0000	0.0000	0.0537	0.0000	0.0000	0.0000	0.0000	0.0000	0.0000	0.3797	0.0000	0.0000
728944d66e62fa5c7f29fa69e2313aab	0.1578	0.0000	0.0000	0.0000	0.0000	0.0000	0.0000	0.0000	0.0000	0.0000	0.0000	0.0000	0.0000	0.0071	0.0000
ea3433f2c148c6fae4cc2e9ae197f5b8	0.0000	0.0006	0.0000	0.0000	0.0000	0.0209	0.0000	0.0000	0.0000	0.0327	0.2249	0.4969	0.0000	0.0000	0.0309
8ef31508d9a2fc6f83935de5607a686c	0.0000	0.0000	0.0000	0.0000	0.1397	0.0000	0.0000	0.2051	0.0000	0.1056	0.1681	0.0973	0.0000	0.0000	0.0409
421ab086e164cbccc8ce9e732a1a2205	0.0000	0.0089	0.0000	0.0000	0.4906	0.0196	0.0000	0.0000	0.0000	0.0451	0.0000	0.0000	0.0375	0.0000	0.0000
a417d532d31f606feb308c9c1b29cf2d	0.0000	0.0000	0.0000	0.0000	0.0000	0.0000	0.0000	0.0000	0.0000	0.2178	0.0000	0.0000	0.0000	0.0000	0.0000
24193508f045e00fa52f7670a81610a6	0.0000	0.0000	0.0000	0.0000	0.1905	0.0000	0.0000	0.0000	0.0000	0.0000	0.0571	0.0072	0.0000	0.0000	0.0000
b9c65ea5179a1bc7371a9d5cf25930d6	0.0000	0.0000	0.0000	0.0000	0.0000	0.5090	0.0000	0.0000	0.0000	0.0000	0.0000	0.0000	0.0000	0.0000	0.0000
44d28470e89e17e9058ee3531315f355	0.0000	0.0000	0.0000	0.0000	0.0000	0.0000	0.0000	0.0000	0.0000	0.0000	0.0000	0.0000	0.0000	0.0000	1.4415
e21d9f482315985036cf80d1b20de58b	0.0000	0.0000	0.0000	0.0000	0.0000	2.1280	0.0000	0.0000	0.0000	0.0000	0.0000	0.0000	0.0000	0.0000	0.0000
59326c7a9e5998501820c54d57a8be85	0.1214	0.2051	0.0125	0.0000	0.0000	0.0000	0.0000	0.0000	0.0000	0.0000	0.0000	0.0000	0.0000	0.0000	0.0000
b3fef1e26b7b6ac20847ede4da68547a	0.0000	0.0000	0.0000	0.0000	0.7658	0.0000	0.0000	0.0000	0.0000	0.0000	0.1218	0.0000	0.0000	0.0000	0.0000
5739e5fd0f606794190c77add185dbf6	0.0000	0.0000	0.0000	0.0000	0.0000	0.0000	0.0000	0.0000	0.0000	0.0000	0.0000	0.0000	0.0000	0.0000	1.9153
e72157ff38bec7ea641729ee6778c251	0.0000	0.0000	0.0000	0.0000	0.0000	0.1416	0.0000	0.0000	0.0000	0.0000	0.0000	0.0000	0.3466	0.0000	0.0000
31e5e20d2c58cab9ed85564f64088305	0.0000	0.0000	0.0000	0.0000	0.0000	0.0000	0.3576	0.0000	0.0000	0.0000	0.0000	0.0000	0.0000	0.0000	0.0000
c0084dceb0e1a96961c654743cdfd32e	0.0000	0.0000	0.0000	0.0000	0.0000	0.0000	0.6035	0.0000	0.0000	0.0000	0.0000	0.0000	0.0000	0.0000	0.0000
28dc8ae74e810c46dad78dba3d07a5b7	0.0000	0.0000	0.0000	0.0000	0.0000	0.0000	0.0000	0.0000	0.0000	0.0000	0.3211	0.0606	0.0000	0.0000	0.0000
b14925d625fdd18f4b7b9803a399edb5	0.0000	0.2192	0.2439	0.0000	0.0000	0.0000	0.0000	0.0000	0.0000	0.0000	0.0000	0.0000	0.0000	0.0000	0.0000
d90c0d8b3cb572fb281fdcab334481a4	0.0000	0.0000	0.0000	0.0000	0.0000	0.0000	0.0000	0.4630	0.0000	0.0000	0.0000	0.0000	0.0000	0.0000	0.0000
df3f8cdac76c62baa98469c33b82d8df	0.0000	0.0000	0.0000	0.0000	0.0000	0.0000	0.0000	0.0000	0.0000	0.1674	0.0000	0.0000	0.0000	0.0000	0.0000
1012b6660576ea7ba898c8dec21641f3	0.0000	0.0000	0.0000	0.0000	0.0000	0.2629	0.0000	0.0000	0.0000	0.0000	0.0000	0.0000	0.0000	0.0000	0.0000
39bb3fb5b2257fd2eacca408dc42c5d1	0.0000	0.0000	0.0734	0.0000	0.1557	0.0000	0.0000	0.0000	0.0000	0.0184	0.0702	0.1136	0.0000	0.0000	0.0269
b423592b0ae631882095792b27729b9c	0.0000	0.0000	0.0000	0.0000	0.5272	0.0000	0.0000	0.0085	0.0000	0.0365	0.2122	0.3159	0.0000	0.0000	0.0388
70ef4446c97dc95513b2cd5ab241ec8b	0.0000	0.0000	0.0000	0.0000	0.0000	0.0000	0.0000	0.2634	0.0000	0.0000	0.0000	0.0000	0.0000	0.0000	0.0000
5f953acd5a0dc97d5f47182ca7ade28a	0.0000	0.0000	0.0000	0.0000	0.0000	0.0000	0.0000	0.0000	1.0243	0.0000	0.0000	0.0000	0.0000	0.0000	0.0000
61b91927f0cc1d6783427b7e8c4c1ec0	0.0000	0.0000	0.0000	0.0000	0.0000	0.0715	0.0000	0.0000	0.0000	0.0000	0.0000	0.0000	0.4718	0.0000	0.0000
f9ff879225247aac41e27d38d8a7dede	0.2768	0.0731	0.0663	0.0000	0.0000	0.0000	0.0000	0.0000	0.0000	0.0000	0.0000	0.0000	0.0000	0.0000	0.0000
f04aeeea3f45cb3e464ddcbe48fcd96c	0.0000	0.0000	0.0000	0.0000	0.0000	0.0000	0.0000	0.0000	0.4268	0.0000	0.0000	0.0000	0.0000	0.0000	0.0000
eb25d1d0b195591685cb02e49d0b67aa	0.0000	0.0000	0.0000	0.0000	0.0298	0.2222	0.0000	0.0000	0.0000	0.0307	0.0680	0.0276	0.0000	0.0000	0.0291
69d6829a8ae1d3d13d91475dfe903439	0.0000	0.0000	0.0000	0.0000	0.0000	0.0000	0.0000	0.0000	0.4591	0.0000	0.0000	0.0000	0.0000	0.0000	0.0000
44ae5e638b1993837e814931023aedb7	0.0000	0.0000	0.0000	0.0000	0.0000	0.0000	0.0000	0.0000	0.0000	0.0000	0.0000	0.0000	0.0000	0.0000	1.0674
ee2e7e1ec3775388a6a1000c5de4c483	0.0007	0.6436	0.0015	0.2984	0.0043	0.0000	0.0000	0.3311	0.0234	0.0767	0.0000	0.0057	0.0000	0.0000	0.0000
0a3a5e83b0623a6e267aba809ad1c117	0.0000	0.0000	0.0000	0.0000	0.0000	0.0000	0.0000	0.0040	0.0000	1.7387	0.0000	0.0000	0.0000	0.0000	0.0000
ad16bfb1c19634519144ec13cd43d00a	0.0000	0.0000	0.0000	0.0000	0.0000	0.0000	0.0000	0.0032	0.0000	0.3595	0.0000	0.0000	0.0000	0.0000	0.0000
db3a134c4981b720d295a7caa59c0838	0.0000	0.0000	0.0000	0.0000	0.0000	0.0000	0.3504	0.0000	0.0000	0.0000	0.0000	0.0000	0.0000	0.0000	0.0000
47ad35356a9bfec68416d32e4f039021	0.0000	0.0027	0.0267	0.0000	0.0000	0.0000	0.0000	0.0099	0.0123	0.2544	0.0000	0.0000	0.0000	0.0000	0.0000
932e1f2d3f75eaba13d2b2be2f2f7cb3	0.3756	0.0470	0.0101	0.0000	0.0000	0.0000	0.0000	0.0441	0.0000	0.0094	0.0000	0.0000	0.0000	1.0034	0.0000
32bb1fe876256cc31b5fbe9f28e0d50d	0.0000	0.0000	0.0000	0.0000	0.2918	0.0000	0.0000	0.0000	0.0000	0.0000	0.0122	0.0000	0.0000	0.0000	0.0000
06b22cf46e95cbb074d733b7f9fbbe87	0.0000	0.0000	0.0000	0.0000	0.0000	0.0000	0.0000	0.0000	0.0000	0.0000	0.0000	0.0000	0.0000	0.4686	0.0000
9ff2bb00c19f92cab6e98534d5856a6c	0.0000	0.1531	0.0178	0.0000	0.0000	0.0000	0.0000	0.0000	0.0000	0.0000	0.0000	0.0000	0.0000	0.0000	0.0000
3719ed1304a10fd17c824b6a293222f8	0.0000	0.0000	0.0000	0.0000	0.0000	0.0000	1.8651	0.0000	0.0000	0.0000	0.0000	0.0000	0.0000	0.0000	0.0000
0f1344068dd7c7d6f85ef5fdfe6151b2	0.0000	0.1133	0.0000	0.0000	0.0000	0.0000	0.0000	0.0000	0.0000	0.0000	0.0000	0.0000	0.0000	0.0000	0.0000
3f5acc28d3e256f0ec8bdfe42e285b77	0.0000	0.1520	0.0000	0.0000	0.0000	0.0000	0.0000	0.0000	0.0000	0.0000	0.0000	0.0000	0.0000	0.0000	0.0000
1fa555f9a74d47a6ca7a65a347bc885f	0.0000	0.0000	0.0153	0.0000	0.1459	0.0000	0.0000	0.0273	0.0000	0.1277	0.1266	0.0172	0.0000	0.0000	0.0000
884bcd0d9d60d875c77de204348be19e	0.0000	0.0000	0.0000	0.0000	0.0000	0.0000	0.0000	0.0121	0.0000	0.0062	0.0092	0.0000	0.0000	0.2819	0.0000
dd5880d428a639d31471df07daedef55	0.0000	0.0000	0.0000	0.0000	0.0000	0.0000	0.0000	0.0056	0.0000	0.1518	0.0000	0.0000	0.0000	0.0000	0.0000
fe1bd772a1ab2fbf1923ee8189ed8d32	0.0442	0.0610	0.0921	0.0000	0.0000	0.0000	0.0000	0.0000	0.0000	0.0000	0.0000	0.0000	0.0000	0.0000	0.0000
